80.251
78.310
89.586
99.456
79.009
75.767
84.222
82.062
75.959
82.629
73.102
70.111
69.855
71.105
64.030
65.527
74.383
65.484
66.668
66.021
71.997
61.821
62.042
70.681
67.850
61.798
69.995
61.489
61.445
62.998
67.494
62.559
62.168
68.037
61.681
66.791
62.661
77.933
60.943
59.946
67.088
59.693
60.232
62.931
70.062
60.567
59.628
69.544
61.987
61.051
59.529
66.851
60.501
61.473
74.809
61.314
63.211
62.261
78.114
60.114
59.793
70.910
60.780
59.056
60.976
71.713
59.105
58.386
67.841
60.146
60.759
60.480
68.522
58.298
60.741
68.656
58.791
58.217
59.290
69.522
61.045
61.386
72.222
61.762
59.436
58.445
67.639
59.674
61.063
71.447
58.809
57.908
58.287
71.365
60.561
62.244
71.387
58.578
59.242
58.187
66.447
58.572
61.049
70.740
59.685
58.060
68.038
62.829
62.323
61.536
68.864
59.003
60.198
72.775
65.109
57.773
60.004
70.433
61.260
58.481
66.629
64.306
59.533
58.985
70.494
61.105
59.616
66.983
60.266
57.785
57.789
68.507
65.816
70.133
70.877
60.353
57.882
60.332
67.120
58.011
57.932
66.816
59.317
57.974
66.280
59.825
57.487
59.130
64.853
59.940
58.200
66.168
59.311
57.956
58.412
64.637
60.434
57.687
65.598
59.368
58.679
59.117
66.665
60.748
58.541
65.808
59.919
59.456
60.927
68.359
59.775
57.819
65.969
59.396
59.368
58.248
66.982
63.791
57.902
64.486
60.804
57.951
57.687
65.623
60.018
57.897
65.848
61.780
57.619
58.033
64.666
59.680
57.878
66.087
59.828
57.634
57.335
64.802
60.284
57.599
