69.791
76.189
66.993
63.985
67.508
73.114
67.425
64.476
66.780
73.929
67.027
68.105
69.486
71.174
71.982
69.548
74.648
73.652
72.608
68.185
72.269
66.416
67.566
72.043
73.527
63.217
69.865
75.290
66.066
63.095
69.730
73.157
66.124
73.175
70.081
66.477
72.796
68.297
72.705
67.074
68.950
69.818
76.965
73.943
66.530
66.111
71.332
68.001
66.711
69.568
72.103
75.136
64.632
67.737
70.293
71.188
67.766
72.256
71.897
65.643
71.063
71.396
77.402
67.595
87.865
98.253
73.335
76.216
69.710
67.134
77.030
74.641
62.092
66.782
68.041
72.903
61.947
64.725
76.107
69.511
69.655
69.305
65.427
71.575
68.419
73.676
68.027
71.310
73.680
73.035
68.795
67.828
76.863
74.351
68.447
67.864
68.581
71.375
66.064
69.089
72.716
71.934
67.520
68.186
72.789
75.480
65.134
68.125
72.246
68.938
67.805
65.060
66.804
72.535
65.030
62.260
68.423
75.000
65.294
68.366
68.887
67.157
70.529
71.475
71.083
74.005
68.053
69.732
71.458
68.853
66.478
70.839
75.560
72.920
66.481
62.011
72.115
70.621
66.149
67.240
75.617
80.953
67.638
70.495
70.537
67.868
67.948
66.417
72.228
69.948
67.796
70.626
74.265
73.219
72.891
73.160
85.306
85.388
69.172
66.131
72.015
74.958
67.616
64.592
71.541
70.065
66.518
63.871
72.629
73.348
69.319
68.036
69.436
66.448
71.516
67.095
70.122
73.338
66.379
69.139
67.859
69.412
64.835
67.641
72.852
74.882
62.551
65.892
68.046
70.555
73.828
73.516
73.035
71.583
66.780
69.856
66.810
70.374
69.507
71.490
