31.982
26.998
24.286
22.088
28.855
24.181
25.053
22.732
32.910
34.992
26.313
21.989
28.915
26.024
25.823
23.171
26.951
32.232
26.063
20.728
27.892
23.327
23.514
25.958
28.747
35.412
25.560
22.746
33.944
30.765
28.818
26.429
23.449
30.925
24.260
21.444
23.298
30.990
29.671
26.623
30.491
22.479
21.374
23.449
31.187
24.983
25.293
27.622
24.788
32.050
23.918
25.206
24.616
31.086
28.678
24.273
24.243
30.382
21.525
26.513
28.706
32.789
26.571
23.170
25.078
30.490
24.890
23.578
25.409
34.950
21.926
24.781
23.962
29.823
24.515
26.251
32.898
26.197
25.965
24.224
31.882
33.044
34.714
24.965
27.094
33.044
21.471
23.264
22.124
28.617
28.485
23.452
31.355
23.302
22.486
25.287
22.881
30.855
26.258
30.996
30.872
24.776
21.378
25.995
28.759
22.461
24.065
26.782
28.483
23.256
24.000
21.983
31.038
24.737
24.643
27.511
32.256
24.603
26.799
22.340
24.073
35.936
23.638
25.035
23.616
29.667
21.865
24.517
34.541
28.111
21.621
23.475
29.220
22.593
22.893
20.917
27.650
31.847
25.838
23.701
23.144
31.296
24.452
21.539
24.878
31.885
21.278
25.707
29.970
22.529
27.173
21.473
23.877
30.027
23.054
20.841
22.224
29.341
23.379
25.364
24.490
30.855
21.504
23.330
22.594
30.099
29.264
24.901
30.066
23.161
20.846
22.922
29.657
23.745
23.718
25.588
29.037
22.644
22.761
20.840
29.595
24.388
28.024
23.691
29.769
22.503
20.544
22.506
31.074
29.688
21.195
25.565
25.000
27.697
23.086
21.126
27.522
30.917
21.673
23.696
