37.129
36.687
36.971
44.760
36.069
35.780
43.208
35.783
35.411
45.718
35.719
36.684
38.390
44.715
35.265
34.823
44.267
36.847
36.428
36.583
43.913
35.209
34.376
41.431
36.237
37.008
36.476
43.781
32.840
33.181
38.826
34.589
31.741
32.716
42.710
32.774
32.467
39.034
40.126
28.437
29.222
38.717
30.160
29.229
38.429
29.551
28.669
27.884
35.990
28.906
28.513
36.509
28.379
27.929
28.468
36.804
30.356
29.270
35.780
30.661
31.072
28.410
35.866
28.085
28.308
38.046
31.189
30.265
29.567
38.737
29.703
28.892
36.951
30.588
28.739
37.601
35.325
28.268
28.755
36.753
29.646
32.184
29.693
34.486
30.717
29.712
37.464
28.570
27.501
33.965
29.400
28.466
28.896
35.096
27.294
27.259
34.602
27.875
26.844
27.372
33.891
27.154
41.950
34.228
28.338
27.050
28.969
33.853
26.324
26.908
32.845
26.545
27.729
27.198
33.675
26.347
26.544
33.080
27.611
27.171
26.077
33.442
26.359
30.013
32.648
25.858
25.501
27.977
34.231
25.377
25.281
32.320
25.125
25.171
32.390
25.227
24.776
24.112
32.504
28.797
25.341
31.175
23.413
22.993
22.733
30.617
22.009
26.120
30.556
21.366
21.080
21.509
28.999
21.228
24.880
27.149
19.604
19.870
18.824
27.987
20.200
19.947
30.432
19.437
18.807
18.900
26.493
18.538
19.115
28.214
18.193
18.490
26.638
19.835
18.905
17.962
25.105
21.272
19.156
26.200
19.232
18.052
18.931
28.485
24.989
19.501
26.586
19.551
19.672
18.233
26.236
18.768
22.947
26.128
18.494
17.929
18.014
26.191
19.302
23.733
