124.608
121.567
125.879
128.707
122.580
124.629
131.361
129.091
120.487
121.323
128.398
117.108
107.874
74.863
65.612
65.753
65.959
73.122
63.102
64.739
71.373
65.373
61.608
61.318
74.019
68.348
62.776
69.577
61.560
63.713
60.917
69.769
63.185
62.790
69.335
61.481
60.883
59.737
65.456
69.378
60.786
65.485
59.299
57.467
58.570
67.682
60.225
57.885
65.539
64.725
58.204
63.106
68.235
60.163
57.661
65.850
61.137
60.576
60.298
67.342
63.197
57.007
64.691
59.886
62.706
59.492
69.615
76.819
73.937
65.458
58.957
59.541
59.440
67.174
59.701
63.298
66.698
57.454
59.410
60.246
65.732
57.145
61.236
60.606
66.510
59.783
59.175
65.469
59.952
61.475
66.945
56.403
56.772
58.557
66.442
58.985
60.486
70.603
58.996
58.538
60.980
65.343
56.433
57.023
68.333
63.149
59.455
57.515
68.561
59.251
62.421
65.649
58.617
55.991
58.313
68.902
57.447
56.079
63.529
60.913
56.991
56.110
63.966
60.123
55.833
64.479
59.434
55.985
56.207
63.876
58.455
56.139
65.758
56.936
59.567
64.547
56.986
60.680
57.776
63.369
56.627
60.068
64.203
56.664
56.483
57.912
64.634
56.285
57.965
63.790
60.866
59.798
58.525
64.072
56.303
56.780
66.960
55.951
56.114
57.990
63.914
56.291
55.993
66.218
57.700
56.512
55.986
65.589
55.993
55.910
66.270
56.007
55.857
55.896
65.893
56.436
55.797
63.921
60.061
58.126
55.800
65.244
56.094
57.224
63.853
57.960
56.299
56.917
63.023
58.867
56.383
65.352
58.966
56.347
56.652
63.193
64.195
58.783
64.275
56.418
