30.665
21.720
23.400
21.430
27.594
21.296
25.295
23.345
27.092
27.236
23.086
20.909
28.359
23.382
22.481
27.828
23.015
27.492
22.674
20.821
29.064
24.455
26.571
26.706
23.600
40.618
23.260
21.472
26.684
32.135
28.381
27.697
29.584
22.901
21.770
24.082
25.750
31.085
26.471
24.618
28.432
23.758
19.387
23.593
24.254
28.744
26.387
27.690
29.235
27.891
24.029
22.697
29.771
25.136
29.193
21.796
27.997
33.838
24.302
23.352
29.098
23.903
24.362
22.246
31.804
33.211
23.960
20.883
28.181
23.625
21.547
23.687
25.449
30.032
23.132
21.961
28.690
23.105
22.948
21.099
29.313
31.799
26.325
20.330
30.395
32.028
21.318
24.177
30.374
33.666
24.914
22.786
39.728
22.072
35.218
24.202
29.272
27.082
22.725
31.375
22.507
27.029
22.965
31.332
26.689
24.134
33.159
24.908
21.076
23.962
22.019
28.491
28.323
26.032
31.312
24.303
23.353
27.925
24.507
31.180
27.079
25.827
24.847
29.461
23.612
20.764
29.808
23.001
27.964
21.599
22.982
31.090
20.892
23.841
21.829
29.155
24.244
25.857
34.207
28.913
22.168
20.260
24.642
27.776
25.025
22.357
25.346
33.532
22.668
20.628
22.906
30.377
22.506
20.617
32.294
24.643
23.824
19.741
23.941
29.379
24.661
23.265
26.253
32.961
20.523
22.372
29.403
22.146
22.159
21.926
30.955
23.918
20.469
22.475
22.257
28.448
22.395
20.277
26.795
28.837
20.324
22.237
28.262
24.972
25.930
24.726
26.446
31.639
19.767
24.867
23.358
31.210
25.327
23.754
32.515
23.538
25.255
20.799
28.794
24.084
