34.046
34.249
32.853
41.763
33.881
34.588
41.742
34.003
33.705
33.841
42.875
32.831
32.895
40.223
33.025
34.838
34.137
40.855
32.475
33.047
41.829
36.739
32.643
33.064
45.911
32.434
33.667
39.238
31.258
33.687
42.408
33.507
31.640
31.343
39.265
32.985
30.583
38.270
32.157
31.327
32.617
38.463
30.999
32.632
36.750
31.427
33.113
33.697
40.723
31.182
32.652
50.985
30.501
30.188
31.411
38.312
33.275
30.843
36.550
30.915
30.179
30.164
40.232
32.482
32.529
36.316
29.641
33.131
30.549
36.785
31.296
42.421
38.597
30.927
32.321
38.061
30.176
30.081
29.493
37.271
30.320
31.036
37.560
28.900
27.577
27.332
35.906
27.567
36.132
35.950
27.856
28.895
29.046
34.853
27.248
27.542
41.702
29.301
27.714
28.997
34.573
28.240
26.932
34.430
28.589
26.241
33.250
26.713
26.651
25.521
33.306
25.756
29.414
33.927
28.360
27.050
25.741
34.267
27.333
26.433
39.151
25.792
25.077
24.880
32.713
25.219
26.525
31.613
28.176
27.406
25.992
32.414
24.743
26.277
31.655
25.186
27.450
24.822
30.202
23.195
21.920
30.096
23.590
22.483
28.806
27.710
23.123
22.109
30.380
22.476
21.946
22.159
29.501
26.823
24.171
29.186
21.109
20.699
19.366
27.382
19.525
24.040
27.695
20.515
20.291
20.613
27.358
19.200
18.749
29.839
18.551
18.467
26.282
18.993
19.270
19.081
27.206
20.970
17.498
24.603
17.440
17.953
18.235
27.384
18.458
17.267
30.322
19.089
19.381
19.420
25.915
17.686
17.902
24.465
20.739
17.597
18.846
26.150
19.169
19.039
