65.806
66.808
66.526
63.632
70.521
75.956
65.653
62.862
72.283
77.007
63.639
68.157
68.939
72.052
71.091
72.309
67.768
70.373
67.269
64.235
69.862
63.757
64.257
71.982
68.284
68.572
75.047
79.767
64.545
67.409
74.405
68.415
60.824
65.330
70.488
73.120
67.575
66.763
72.541
68.799
68.283
62.189
69.723
67.129
64.917
67.786
65.949
71.539
63.959
66.879
69.642
68.679
67.069
64.241
66.294
72.590
64.097
61.072
71.726
65.460
65.015
64.158
66.737
70.102
68.379
65.915
71.582
65.471
62.498
65.174
70.649
71.496
68.951
58.743
67.207
75.857
69.437
66.673
64.115
66.995
66.572
67.428
68.306
65.706
68.469
65.760
69.320
63.679
67.309
70.319
69.498
65.740
63.556
71.556
66.662
65.121
67.161
64.188
73.661
71.230
65.219
64.393
63.217
70.302
72.417
66.652
69.928
60.689
66.999
73.057
67.857
70.855
71.977
68.446
67.049
64.427
67.164
69.801
64.305
65.264
63.569
72.732
64.725
65.531
70.179
67.581
65.861
65.163
66.733
69.686
61.933
66.242
70.414
69.572
64.726
67.785
74.651
71.098
62.285
69.134
63.649
69.468
65.776
66.395
64.418
67.809
66.611
69.633
67.948
65.228
66.342
69.337
64.518
67.121
64.220
71.188
71.266
64.768
65.746
70.277
77.606
73.997
64.483
60.697
70.846
70.772
64.728
61.812
73.419
69.837
65.305
69.272
68.158
70.751
65.881
63.149
71.972
68.962
63.492
68.347
72.124
67.643
71.049
67.449
65.607
70.063
67.440
68.262
68.270
63.919
71.559
70.826
90.551
84.855
77.400
74.356
67.555
64.934
66.553
63.932
