834.443
749.537
638.392
612.522
647.190
666.197
611.460
801.331
1522.719
1193.240
1350.585
1269.120
1092.353
641.520
697.931
637.159
730.777
757.116
800.907
825.152
1191.605
1394.799
1072.503
874.391
875.372
796.959
713.106
744.903
857.765
693.464
671.568
664.566
627.147
737.472
711.725
668.115
915.022
1413.022
1496.634
1637.939
1287.820
1067.726
865.253
745.445
614.093
632.694
648.055
620.308
593.222
604.988
689.312
980.779
870.499
673.407
624.617
641.862
849.889
2954.621
1793.517
1737.896
1636.765
2807.048
2464.983
1412.781
1477.546
1632.912
1568.584
1522.524
1410.656
821.756
701.475
712.447
640.578
644.352
893.771
1873.344
1620.038
1767.520
1530.517
1617.255
1173.527
1808.676
1811.615
1826.697
1726.491
1676.089
1661.534
2061.468
1306.805
1454.549
1612.422
1750.272
1396.675
2013.775
1647.660
1828.756
1478.915
812.986
649.363
640.605
620.011
623.921
608.326
582.728
1281.965
924.845
726.677
656.816
625.148
594.648
568.688
571.701
596.657
582.380
597.302
609.419
898.494
644.711
683.942
627.825
620.520
628.540
645.356
727.076
689.296
669.888
625.814
890.669
722.765
1007.250
972.544
1140.637
1218.059
1336.219
1197.761
1194.944
1218.377
1144.566
921.883
904.848
847.854
752.361
655.111
627.453
799.604
955.862
834.214
717.406
694.988
659.916
923.818
1679.441
1621.051
902.921
717.070
665.215
1186.642
1035.112
817.643
1191.443
992.344
653.259
667.024
781.326
726.394
703.651
784.608
702.511
680.582
742.880
989.819
1657.197
1104.601
735.901
747.379
813.270
704.998
687.851
852.242
694.404
702.344
665.227
642.485
692.872
779.526
659.876
689.458
688.852
654.866
591.376
683.209
637.305
609.850
820.269
732.829
722.941
722.040
667.157
697.203
666.825
