984.987
1050.984
906.705
1025.725
758.365
584.475
559.772
586.566
566.616
651.556
801.825
628.385
622.940
587.128
556.381
647.180
638.755
637.799
588.540
634.950
637.041
621.323
674.305
998.758
1066.453
659.391
897.189
854.635
853.076
718.707
887.010
1393.059
844.133
755.877
663.534
658.370
723.940
1000.651
3001.844
1412.498
1035.035
1052.401
1002.878
1186.466
1602.106
1308.835
1141.073
3752.722
2648.491
1942.040
1102.593
975.439
1552.761
1440.193
1529.409
1618.027
1684.432
2214.100
3394.146
1988.962
1741.783
2310.044
2149.507
1535.488
1252.534
1344.096
994.022
1001.097
958.240
939.197
908.251
846.040
789.165
988.436
1197.870
1368.783
1493.026
1299.591
1607.114
1466.379
1419.640
4075.776
2371.372
1702.171
1540.180
1936.528
2440.520
1714.337
1336.471
1970.505
3359.831
1247.371
991.414
1028.781
1082.237
2121.517
1472.517
1088.790
1195.913
1334.223
1855.326
1811.477
998.577
941.159
864.040
748.181
740.153
784.133
1086.843
1034.113
1064.463
1019.923
944.712
940.360
865.951
851.916
856.480
814.325
761.766
788.764
967.787
879.463
839.732
867.129
844.620
846.718
768.466
900.609
877.358
930.899
956.656
1040.808
1353.131
2558.918
2354.406
1928.950
2330.081
1430.583
1242.486
1887.105
1138.440
1058.038
785.865
803.384
779.720
745.244
794.372
861.558
825.499
793.292
728.458
831.658
1533.055
2773.837
1073.077
974.753
800.386
757.279
751.469
769.206
827.547
791.251
1283.195
1089.152
854.230
828.086
777.741
799.600
783.194
816.192
804.534
768.958
779.379
908.441
852.156
805.049
826.765
902.210
823.238
763.707
829.218
854.100
952.636
1078.558
1054.675
1134.712
1265.888
2456.066
1417.509
1344.370
3417.222
2368.238
1953.867
1100.462
958.101
881.662
781.476
747.861
767.595
989.511
